Posiçao 1 - Bem sentado / Normal
 TopoDir BaixDir TopoEsq BaixEsq             TrasDir TrasEsq FrenDir FrenEsq
 11014.4 31584.0 12953.6 32288.0               7.613  14.122   7.853  15.815
 15360.0 32684.8 13600.0 32819.2               7.712  14.358   7.457  15.945
 15609.6 33702.4 14163.2 33632.0               7.855  14.441   7.372  15.838
 17440.0 33676.8 14156.8 33881.6               7.890  14.412   7.260  15.802
 18726.4 32704.0 14131.2 34022.4               7.834  14.470   7.242  15.767
Posiçao 2 - Inclinado para a frente com as ancas bem posicionadas
  2412.8  9523.2  1996.8  9472.0               7.679  14.114   9.143  16.655
     0.0     0.0     0.0     0.0               6.860  12.800  10.285  17.996
     0.0     0.0     0.0     0.0               6.632  12.607  10.416  18.324
     0.0     0.0     0.0     0.0               6.529  12.458  10.503  18.538
     0.0     0.0     0.0     0.0               6.478  12.435  10.503  18.661
Posiçao 3 - Inclinado para a frente com as ancas mal posicionadas
     0.0     0.0     0.0     0.0               4.017   8.438  11.834  19.239
     0.0     0.0     0.0     0.0               1.671   4.735  21.978  35.624
     0.0     0.0     0.0     0.0               1.547   4.108  21.568  37.534
     0.0     0.0     0.0     0.0               1.630   3.968  21.616  38.780
     0.0     0.0     0.0     0.0               1.713   3.812  21.872  39.484
Posiçao 4 - Inclinado para trás com as ancas mal posicionadas
  8089.6     0.0  6956.8     0.0               3.304   5.087  20.692  35.599
 31507.2     0.0 20627.2     0.0               5.665   7.308  15.252  25.342
 33369.6     0.0 19065.6     0.0               5.693   7.208  15.063  24.365
 31916.8     0.0 19763.2     0.0               5.651   7.089  15.031  23.764
 32211.2     0.0 20716.8     0.0               5.783   7.191  15.128  23.703
Posiçao 5 - Inclinado para o lado direito
  6355.2  2636.8  4243.2  1676.8               4.028   6.292  14.241  22.491
 38643.2 21414.4     0.0   480.0               8.698  10.045  12.735  16.902
 40825.6 19942.4     0.0     0.0               9.603   9.582  13.275  15.838
 40940.8 20179.2     0.0     0.0               9.742   9.743  13.184  15.683
 40979.2 21075.2     0.0     0.0               9.823   9.769  12.991  15.289
Posiçao 6 - Inclinado para o lado esquerdo
  7724.8  6368.0 14374.4 22809.6               8.764  16.171   8.999  18.656
     0.0     0.0 25689.6 36512.0               7.002  20.234   4.815  22.611
     0.0     0.0 25548.8 38400.0               6.767  20.334   4.281  23.541
     0.0     0.0 25734.4 38835.2               6.884  20.617   4.015  24.074
     0.0     0.0 25062.4 39712.0               6.923  20.927   3.886  24.136
Posiçao 7 - Perna direita cruzada
 20192.0  5068.8 17580.8 25894.4              10.214  19.500   3.656  24.225
 30566.4     0.0 21977.6 23046.4              13.616  18.900   3.757  21.861
 31481.6     0.0 22470.4 23590.4              13.900  18.738   3.718  21.589
 32006.4     0.0 22988.8 24000.0              14.036  18.727   3.669  21.409
 32128.0     0.0 22758.4 24121.6              14.319  18.773   3.669  21.335
Posição 8 - Perna esquerda cruzada
 16019.2     0.0 20524.8 21593.6              12.447  21.786   6.745  19.684
 23404.8     0.0 21504.0 26700.8              11.095  24.113   7.875  17.208
 26982.4     0.0 22112.0 26784.0              11.095  24.122   8.069  16.907
 27648.0     0.0 22348.8 27424.0              11.013  24.199   8.047  16.721
 28550.4     0.0 22425.6 27878.4              10.848  24.246   8.069  16.534
